25
0.0000012276 0.0000025188 0.0000048552 0.0000087916 0.0000149550 0.0000238980 0.0000358751 0.0000505921 0.0000670236 0.0000834122 0.0000975188 0.0001071034 0.0001105032 0.0001071034 0.0000975188 0.0000834122 0.0000670236 0.0000505921 0.0000358751 0.0000238980 0.0000149550 0.0000087916 0.0000048552 0.0000025188 0.0000012276 
0.0000025188 0.0000051683 0.0000099622 0.0000180392 0.0000306856 0.0000490355 0.0000736110 0.0001038082 0.0001375235 0.0001711508 0.0002000955 0.0002197619 0.0002267379 0.0002197619 0.0002000955 0.0001711508 0.0001375235 0.0001038082 0.0000736110 0.0000490355 0.0000306856 0.0000180392 0.0000099622 0.0000051683 0.0000025188 
0.0000048552 0.0000099622 0.0000192026 0.0000347714 0.0000591481 0.0000945184 0.0001418890 0.0002000955 0.0002650835 0.0003299017 0.0003856942 0.0004236022 0.0004370488 0.0004236022 0.0003856942 0.0003299017 0.0002650835 0.0002000955 0.0001418890 0.0000945184 0.0000591481 0.0000347714 0.0000192026 0.0000099622 0.0000048552 
0.0000087916 0.0000180392 0.0000347714 0.0000629628 0.0001071034 0.0001711508 0.0002569277 0.0003623261 0.0004800042 0.0005973748 0.0006984019 0.0007670445 0.0007913931 0.0007670445 0.0006984019 0.0005973748 0.0004800042 0.0003623261 0.0002569277 0.0001711508 0.0001071034 0.0000629628 0.0000347714 0.0000180392 0.0000087916 
0.0000149550 0.0000306856 0.0000591481 0.0001071034 0.0001821890 0.0002911372 0.0004370488 0.0006163375 0.0008165146 0.0010161688 0.0011880217 0.0013047866 0.0013462050 0.0013047866 0.0011880217 0.0010161688 0.0008165146 0.0006163375 0.0004370488 0.0002911372 0.0001821890 0.0001071034 0.0000591481 0.0000306856 0.0000149550 
0.0000238980 0.0000490355 0.0000945184 0.0001711508 0.0002911372 0.0004652360 0.0006984019 0.0009849046 0.0013047866 0.0016238331 0.0018984533 0.0020850430 0.0021512294 0.0020850430 0.0018984533 0.0016238331 0.0013047866 0.0009849046 0.0006984019 0.0004652360 0.0002911372 0.0001711508 0.0000945184 0.0000490355 0.0000238980 
0.0000358751 0.0000736110 0.0001418890 0.0002569277 0.0004370488 0.0006984019 0.0010484255 0.0014785169 0.0019587167 0.0024376623 0.0028499159 0.0031300203 0.0032293778 0.0031300203 0.0028499159 0.0024376623 0.0019587167 0.0014785169 0.0010484255 0.0006984019 0.0004370488 0.0002569277 0.0001418890 0.0000736110 0.0000358751 
0.0000505921 0.0001038082 0.0002000955 0.0003623261 0.0006163375 0.0009849046 0.0014785169 0.0020850430 0.0027622332 0.0034376548 0.0040190256 0.0044140361 0.0045541527 0.0044140361 0.0040190256 0.0034376548 0.0027622332 0.0020850430 0.0014785169 0.0009849046 0.0006163375 0.0003623261 0.0002000955 0.0001038082 0.0000505921 
0.0000670236 0.0001375235 0.0002650835 0.0004800042 0.0008165146 0.0013047866 0.0019587167 0.0027622332 0.0036593645 0.0045541527 0.0053243439 0.0058476478 0.0060332720 0.0058476478 0.0053243439 0.0045541527 0.0036593645 0.0027622332 0.0019587167 0.0013047866 0.0008165146 0.0004800042 0.0002650835 0.0001375235 0.0000670236 
0.0000834122 0.0001711508 0.0003299017 0.0005973748 0.0010161688 0.0016238331 0.0024376623 0.0034376548 0.0045541527 0.0056677346 0.0066262530 0.0072775152 0.0075085284 0.0072775152 0.0066262530 0.0056677346 0.0045541527 0.0034376548 0.0024376623 0.0016238331 0.0010161688 0.0005973748 0.0003299017 0.0001711508 0.0000834122 
0.0000975188 0.0002000955 0.0003856942 0.0006984019 0.0011880217 0.0018984533 0.0028499159 0.0040190256 0.0053243439 0.0066262530 0.0077468746 0.0085082773 0.0087783590 0.0085082773 0.0077468746 0.0066262530 0.0053243439 0.0040190256 0.0028499159 0.0018984533 0.0011880217 0.0006984019 0.0003856942 0.0002000955 0.0000975188 
0.0001071034 0.0002197619 0.0004236022 0.0007670445 0.0013047866 0.0020850430 0.0031300203 0.0044140361 0.0058476478 0.0072775152 0.0085082773 0.0093445145 0.0096411413 0.0093445145 0.0085082773 0.0072775152 0.0058476478 0.0044140361 0.0031300203 0.0020850430 0.0013047866 0.0007670445 0.0004236022 0.0002197619 0.0001071034 
0.0001105032 0.0002267379 0.0004370488 0.0007913931 0.0013462050 0.0021512294 0.0032293778 0.0045541527 0.0060332720 0.0075085284 0.0087783590 0.0096411413 0.0099471839 0.0096411413 0.0087783590 0.0075085284 0.0060332720 0.0045541527 0.0032293778 0.0021512294 0.0013462050 0.0007913931 0.0004370488 0.0002267379 0.0001105032 
0.0001071034 0.0002197619 0.0004236022 0.0007670445 0.0013047866 0.0020850430 0.0031300203 0.0044140361 0.0058476478 0.0072775152 0.0085082773 0.0093445145 0.0096411413 0.0093445145 0.0085082773 0.0072775152 0.0058476478 0.0044140361 0.0031300203 0.0020850430 0.0013047866 0.0007670445 0.0004236022 0.0002197619 0.0001071034 
0.0000975188 0.0002000955 0.0003856942 0.0006984019 0.0011880217 0.0018984533 0.0028499159 0.0040190256 0.0053243439 0.0066262530 0.0077468746 0.0085082773 0.0087783590 0.0085082773 0.0077468746 0.0066262530 0.0053243439 0.0040190256 0.0028499159 0.0018984533 0.0011880217 0.0006984019 0.0003856942 0.0002000955 0.0000975188 
0.0000834122 0.0001711508 0.0003299017 0.0005973748 0.0010161688 0.0016238331 0.0024376623 0.0034376548 0.0045541527 0.0056677346 0.0066262530 0.0072775152 0.0075085284 0.0072775152 0.0066262530 0.0056677346 0.0045541527 0.0034376548 0.0024376623 0.0016238331 0.0010161688 0.0005973748 0.0003299017 0.0001711508 0.0000834122 
0.0000670236 0.0001375235 0.0002650835 0.0004800042 0.0008165146 0.0013047866 0.0019587167 0.0027622332 0.0036593645 0.0045541527 0.0053243439 0.0058476478 0.0060332720 0.0058476478 0.0053243439 0.0045541527 0.0036593645 0.0027622332 0.0019587167 0.0013047866 0.0008165146 0.0004800042 0.0002650835 0.0001375235 0.0000670236 
0.0000505921 0.0001038082 0.0002000955 0.0003623261 0.0006163375 0.0009849046 0.0014785169 0.0020850430 0.0027622332 0.0034376548 0.0040190256 0.0044140361 0.0045541527 0.0044140361 0.0040190256 0.0034376548 0.0027622332 0.0020850430 0.0014785169 0.0009849046 0.0006163375 0.0003623261 0.0002000955 0.0001038082 0.0000505921 
0.0000358751 0.0000736110 0.0001418890 0.0002569277 0.0004370488 0.0006984019 0.0010484255 0.0014785169 0.0019587167 0.0024376623 0.0028499159 0.0031300203 0.0032293778 0.0031300203 0.0028499159 0.0024376623 0.0019587167 0.0014785169 0.0010484255 0.0006984019 0.0004370488 0.0002569277 0.0001418890 0.0000736110 0.0000358751 
0.0000238980 0.0000490355 0.0000945184 0.0001711508 0.0002911372 0.0004652360 0.0006984019 0.0009849046 0.0013047866 0.0016238331 0.0018984533 0.0020850430 0.0021512294 0.0020850430 0.0018984533 0.0016238331 0.0013047866 0.0009849046 0.0006984019 0.0004652360 0.0002911372 0.0001711508 0.0000945184 0.0000490355 0.0000238980 
0.0000149550 0.0000306856 0.0000591481 0.0001071034 0.0001821890 0.0002911372 0.0004370488 0.0006163375 0.0008165146 0.0010161688 0.0011880217 0.0013047866 0.0013462050 0.0013047866 0.0011880217 0.0010161688 0.0008165146 0.0006163375 0.0004370488 0.0002911372 0.0001821890 0.0001071034 0.0000591481 0.0000306856 0.0000149550 
0.0000087916 0.0000180392 0.0000347714 0.0000629628 0.0001071034 0.0001711508 0.0002569277 0.0003623261 0.0004800042 0.0005973748 0.0006984019 0.0007670445 0.0007913931 0.0007670445 0.0006984019 0.0005973748 0.0004800042 0.0003623261 0.0002569277 0.0001711508 0.0001071034 0.0000629628 0.0000347714 0.0000180392 0.0000087916 
0.0000048552 0.0000099622 0.0000192026 0.0000347714 0.0000591481 0.0000945184 0.0001418890 0.0002000955 0.0002650835 0.0003299017 0.0003856942 0.0004236022 0.0004370488 0.0004236022 0.0003856942 0.0003299017 0.0002650835 0.0002000955 0.0001418890 0.0000945184 0.0000591481 0.0000347714 0.0000192026 0.0000099622 0.0000048552 
0.0000025188 0.0000051683 0.0000099622 0.0000180392 0.0000306856 0.0000490355 0.0000736110 0.0001038082 0.0001375235 0.0001711508 0.0002000955 0.0002197619 0.0002267379 0.0002197619 0.0002000955 0.0001711508 0.0001375235 0.0001038082 0.0000736110 0.0000490355 0.0000306856 0.0000180392 0.0000099622 0.0000051683 0.0000025188 
0.0000012276 0.0000025188 0.0000048552 0.0000087916 0.0000149550 0.0000238980 0.0000358751 0.0000505921 0.0000670236 0.0000834122 0.0000975188 0.0001071034 0.0001105032 0.0001071034 0.0000975188 0.0000834122 0.0000670236 0.0000505921 0.0000358751 0.0000238980 0.0000149550 0.0000087916 0.0000048552 0.0000025188 0.0000012276 